====================[A]====================
====================[decomp]====================
=====[generate a random number (n>m) matrix A (of a modest size)]=====
n = 7, m = 4
Print matrix A

     0.467      0.642      0.283      0.382 
     0.772     0.0286      0.615      0.798 
     0.658      0.248      0.704      0.169 
     0.433       0.32      0.702      0.794 
     0.354       0.99       0.95      0.307 
     0.944      0.682     0.0934      0.823 
     0.101      0.655      0.161      0.886 
=====[factorize matrix A it into QR]=====
Print matrix Q

     0.298      0.283     -0.189     -0.187 
     0.492     -0.439       0.24      0.329 
     0.419     -0.178      0.311     -0.379 
     0.276     0.0208      0.399      0.453 
     0.226      0.656      0.449     -0.312 
     0.602     0.0314     -0.657    -0.0716 
    0.0646      0.514     -0.132      0.637 
Print matrix R

      1.57       1.07       1.16       1.42 
         0       1.14      0.408      0.428 
         0          0      0.937    -0.0307 
         0          0          0      0.896 
=====[check that R is upper triangular]=====
See the print of R just above
=====[check that QTQ=1]=====

Print  QTQ = Q.transpose()*Q

         1   1.87e-16   2.65e-16   3.05e-16 
  1.87e-16          1   5.55e-17   1.67e-16 
  2.65e-16   5.55e-17          1  -1.39e-17 
  3.05e-16   1.67e-16  -1.39e-17          1 
=====[check that QR=A]=====
Print of matrix Q*R

     0.467      0.642      0.283      0.382 
     0.772     0.0286      0.615      0.798 
     0.658      0.248      0.704      0.169 
     0.433       0.32      0.702      0.794 
     0.354       0.99       0.95      0.307 
     0.944      0.682     0.0934      0.823 
     0.101      0.655      0.161      0.886 
Print of matrix A

     0.467      0.642      0.283      0.382 
     0.772     0.0286      0.615      0.798 
     0.658      0.248      0.704      0.169 
     0.433       0.32      0.702      0.794 
     0.354       0.99       0.95      0.307 
     0.944      0.682     0.0934      0.823 
     0.101      0.655      0.161      0.886 
====================[solve]====================
=====[generate a random square matrix A (of a modest size)]=====
Print matrix A

     0.717      0.525      0.473      0.155      0.215       0.22      0.123     0.0076 
     0.699      0.273      0.245       0.95     0.0862      0.101      0.492      0.618 
    0.0136      0.994      0.353      0.085      0.312      0.179      0.321      0.837 
     0.992      0.691      0.526      0.974      0.549      0.429     0.0627      0.856 
     0.806      0.387      0.169      0.488      0.306      0.956       0.47      0.774 
     0.859      0.434      0.347      0.639      0.998      0.402       0.36     0.0888 
    0.0625      0.675      0.692     0.0469      0.876      0.774      0.387     0.0263 
     0.514      0.677      0.395      0.121      0.796      0.948       0.37      0.886 
=====[generate a random vector b (of the same size)]=====
Print vector b
     0.226      0.873      0.476        0.3      0.122      0.127      0.371      0.475 
=====[factorize matrix A it into QR]=====
Print matrix Q

     0.376     0.0516      0.242      -0.55     -0.592     -0.337      0.176     -0.028 
     0.366     -0.141     0.0341      0.607     -0.238     0.0972      0.547      0.333 
   0.00713      0.788     -0.503      0.168     -0.125     -0.211       0.12     -0.154 
      0.52     0.0428       0.07      0.339     -0.138    -0.0728     -0.764   0.000691 
     0.422     -0.105     -0.335     -0.205   -0.00998      0.657     0.0989     -0.464 
      0.45    -0.0941     0.0189    -0.0226      0.663     -0.493      0.219     -0.239 
    0.0327      0.508      0.748     0.0898      0.152      0.309      0.102      -0.21 
      0.27      0.277     -0.102     -0.369      0.309      0.239     -0.052      0.741 
Print matrix R

      1.91       1.23        0.9       1.44       1.22       1.21      0.734       1.29 
         0       1.25      0.701    -0.0718      0.808      0.674      0.408      0.778 
         0          0      0.409    -0.0333      0.427      0.167   -0.00926     -0.666 
         0          0          0       0.68     -0.128     -0.369      0.101      0.317 
         0          0          0          0      0.775      0.432      0.169    -0.0456 
         0          0          0          0          0      0.762      0.273      0.503 
         0          0          0          0          0          0      0.427     -0.162 
         0          0          0          0          0          0          0      0.348 
=====[solve QRx=b]=====
Print vector QTb
     0.813      0.572     0.0563      0.418     -0.157      0.132      0.398      0.398 
Solutions for x:
     0.133      -1.52       2.24     -0.671      0.164      -1.07       1.37       1.14 
=====[check that Ax=b]=====
Print vector b
     0.226      0.873      0.476        0.3      0.122      0.127      0.371      0.475 
Print vector Ax
     0.226      0.873      0.476        0.3      0.122      0.127      0.371      0.475 
====================[B]====================
=====[generate a random square matrix A (of a modest size)]=====
Print matrix A

     0.557      0.176      0.855     0.0224      0.474     0.0542      0.636 
     0.306      0.137      0.699      0.131      0.825      0.318      0.238 
    0.0685      0.851      0.942     0.0746      0.996      0.203     0.0304 
     0.168      0.996      0.541      0.293      0.121      0.745      0.568 
     0.263      0.318      0.688      0.203      0.846      0.179      0.242 
     0.439      0.984      0.161      0.083      0.694     0.0836      0.222 
     0.753      0.651     0.0194      0.926      0.912      0.681      0.622 
=====[factorize matrix A it into QR]=====
Print matrix Q

     0.495     -0.321      0.438     -0.393     -0.432     -0.304     -0.161 
     0.272     -0.146      0.409      0.081      0.256      0.801     -0.155 
    0.0609      0.583      0.431      0.137      0.361      -0.35     -0.446 
     0.149      0.611     0.0313      0.203     -0.683      0.271      0.148 
     0.234     0.0252      0.352      0.203      0.251     -0.196      0.824 
      0.39      0.382     -0.354     -0.679      0.287      0.121      0.138 
     0.669     -0.123     -0.453      0.526     0.0804     -0.132     -0.178 
Print matrix R

      1.13       1.22      0.988      0.795       1.62      0.767       1.03 
         0       1.33       0.58      0.119      0.556      0.462       0.14 
         0          0       1.26     -0.272      0.617    -0.0103      0.132 
         0          0          0      0.543      0.222      0.521      0.114 
         0          0          0          0      0.767     -0.254     -0.417 
         0          0          0          0          0      0.255     0.0381 
         0          0          0          0          0          0     0.0504 
=====[calculate the inverse B]=====
Print matrix B

      4.03       3.37       6.82      -2.66      -15.4      -1.56       3.23 
      0.26     -0.824          1      0.091      -1.01      0.326      0.193 
      2.28      0.183       4.26     -0.988      -6.17      -2.06       1.43 
      1.67       -2.6       3.94      -1.21       -3.3      -2.66       2.44 
     -2.54     -0.144      -4.36      0.914       8.16       1.88      -1.81 
    -0.714        3.6    -0.0494      0.623      -3.21     0.0676     0.0117 
      -3.2      -3.07      -8.85       2.94       16.4       2.73      -3.53 
=====[check that AB=I, where I is the identity matrix]=====
Print matrix A*B

         1   4.44e-16          0   6.66e-16  -7.11e-15   2.22e-16   1.33e-15 
  4.44e-16          1  -4.44e-16   2.22e-16   8.88e-16   6.66e-16   5.55e-16 
  1.67e-15  -3.05e-16          1    1.3e-15  -7.77e-16   1.67e-15   2.12e-15 
 -4.44e-16  -4.44e-16   8.88e-16          1  -1.78e-15  -1.11e-15  -4.44e-16 
    -4e-15  -4.44e-16          0  -2.22e-15          1  -3.11e-15  -4.33e-15 
  2.22e-16   6.66e-16   1.11e-15  -1.22e-15  -4.88e-15          1   3.33e-16 
  1.33e-15   2.22e-16   8.88e-16          0  -8.88e-15   6.66e-16          1 
