sqrtTest = 1.4142135623731
powTest = 1.14869835499704
eTest = 23.1406926327793
piTest = 22.459157718361
gamma1 = 0.999999989064903
gamma2 = 0.999999989064903
gamma3 = 0.999999989064903
gamma10 = 362879.997652016
lngamma1 = 0.999999989064903
lngamma2 = 0.999999989064903
lngamma3 = 0.999999989064903
lngamma10 = 12.8018274736111
