rmax:10 N:11 dr:0.909090909090909
==============================[A]==============================
print A

    0.0286      0.101      0.354      0.658      0.467 
     0.101      0.704      0.283      0.682       0.32 
     0.354      0.283      0.798      0.161       0.95 
     0.658      0.682      0.161      0.823      0.794 
     0.467       0.32       0.95      0.794      0.556 
print D

    -0.582  -5.25e-18   7.33e-18  -8.77e-17  -2.88e-17 
 -2.87e-21     -0.324   2.11e-17  -1.37e-16  -1.28e-16 
  2.59e-26   1.41e-32      0.356  -1.21e-17  -1.02e-16 
  4.38e-31          0   4.52e-17      0.849   3.26e-17 
         0  -8.61e-20  -1.61e-23  -1.11e-25       2.61 
print V

     0.413      -0.75     -0.414     0.0182      0.308 
     0.227     -0.133      0.758      0.473      0.363 
     -0.45     -0.244      0.297     -0.671      0.447 
    -0.548      0.139      -0.38      0.502      0.532 
     0.525      0.584     -0.145     -0.269      0.539 
print VT*A*V==D is True
print VTAV

    -0.582   1.39e-16  -9.02e-17  -6.94e-17   4.72e-16 
 -2.78e-17     -0.324   6.59e-17  -6.94e-17  -2.91e-16 
 -6.94e-17   1.11e-16      0.356   1.73e-17  -3.54e-16 
  2.78e-17  -8.33e-17   7.63e-17      0.849  -3.75e-16 
  4.44e-16  -1.11e-16  -3.89e-16  -3.33e-16       2.61 
V*D*VT==A is True
print VDVT

    0.0286      0.101      0.354      0.658      0.467 
     0.101      0.704      0.283      0.682       0.32 
     0.354      0.283      0.798      0.161       0.95 
     0.658      0.682      0.161      0.823      0.794 
     0.467       0.32       0.95      0.794      0.556 
VT*V==1 is True
print VTV

         1  -1.11e-16  -1.67e-16  -1.11e-16   3.33e-16 
 -1.11e-16          1   1.67e-16  -1.39e-16  -1.67e-16 
 -1.67e-16   1.67e-16          1   6.94e-18  -9.71e-17 
 -1.11e-16  -1.39e-16   6.94e-18          1  -1.11e-16 
  3.33e-16  -1.67e-16  -9.71e-17  -1.11e-16          1 
V*VT==1 is True
print VVT

         1   1.39e-16   5.55e-17  -2.78e-17  -2.78e-17 
  1.39e-16          1   8.33e-17          0          0 
  5.55e-17   8.33e-17          1  -2.78e-17   2.78e-17 
 -2.78e-17          0  -2.78e-17          1  -5.55e-17 
 -2.78e-17          0   2.78e-17  -5.55e-17          1 
==============================[B]==============================
print H

      0.11     -0.605          0          0          0          0          0          0          0          0 
    -0.605       0.66     -0.605          0          0          0          0          0          0          0 
         0     -0.605      0.843     -0.605          0          0          0          0          0          0 
         0          0     -0.605      0.935     -0.605          0          0          0          0          0 
         0          0          0     -0.605       0.99     -0.605          0          0          0          0 
         0          0          0          0     -0.605       1.03     -0.605          0          0          0 
         0          0          0          0          0     -0.605       1.05     -0.605          0          0 
         0          0          0          0          0          0     -0.605       1.07     -0.605          0 
         0          0          0          0          0          0          0     -0.605       1.09     -0.605 
         0          0          0          0          0          0          0          0     -0.605        1.1 
print D

    -0.425   1.29e-17  -2.94e-17    2.8e-17  -2.43e-16    2.1e-17  -4.51e-18  -1.21e-17   9.26e-18  -2.26e-18 
 -2.04e-21     -0.105   -3.3e-17   2.39e-17   6.45e-17  -7.34e-18  -5.98e-17   2.03e-17   6.79e-17  -6.81e-17 
  5.16e-23    6.6e-22     0.0894  -6.37e-17   7.15e-17     -8e-17   1.04e-17  -3.27e-17   1.82e-17   1.96e-18 
  1.06e-29  -3.59e-28  -3.32e-28      0.362  -5.35e-17   6.79e-19   1.45e-16  -1.24e-16   1.35e-17   6.88e-17 
 -2.15e-16   1.38e-35  -1.62e-41          0      0.688  -6.51e-18   1.55e-16  -5.83e-17   1.05e-16  -1.06e-16 
 -4.21e-19  -3.41e-18   -1.2e-17    3.2e-18  -2.16e-19       1.04   1.02e-16  -1.76e-16   8.02e-17   2.23e-17 
  2.32e-19   2.02e-18  -8.67e-19   4.04e-24  -3.32e-25   -7.1e-29       1.38  -2.17e-16  -2.25e-16   1.15e-16 
 -6.04e-20  -5.23e-19   8.86e-20   2.22e-25   7.01e-31  -2.25e-42          0        1.7   2.84e-17  -9.84e-17 
  1.62e-20   1.41e-19  -3.72e-20  -9.38e-26   9.51e-31   -1.9e-17  -9.43e-17   6.66e-17       1.97  -1.71e-16 
 -2.87e-21  -2.51e-20   4.51e-21   9.02e-29   1.66e-34   3.04e-18  -1.14e-17   2.82e-18  -7.74e-19       2.18 
lowest eigen-function:-0.425263470308668
print V

      0.66     -0.293      0.332     -0.348      0.327     -0.278      0.208     -0.131     0.0616    -0.0166 
     0.584     -0.104     0.0113      0.145     -0.312      0.426     -0.438      0.343     -0.189     0.0569 
     0.387      0.161     -0.321      0.419     -0.312     0.0118      0.315      -0.46      0.348     -0.126 
     0.228      0.357     -0.412      0.188      0.232     -0.429      0.156      0.307     -0.458      0.222 
     0.126      0.452     -0.254     -0.241      0.407      0.061     -0.431     0.0708      0.434      -0.33 
     0.067      0.461     0.0333     -0.438    -0.0291      0.425      0.124     -0.391     -0.244      0.426 
    0.0345       0.41      0.306      -0.24     -0.423    -0.0688      0.358      0.364    -0.0535     -0.482 
    0.0172      0.324      0.453      0.164     -0.226     -0.426      -0.32    0.00135      0.325       0.47 
   0.00819      0.221      0.431      0.433       0.28     0.0443     -0.194     -0.365     -0.429     -0.378 
   0.00325      0.111      0.258      0.355      0.411       0.43      0.414      0.368      0.298      0.212 
